1	879	17266
2	1913	13707
3	1134	16897
4	2514	21924
5	2760	17824
6	1463	18693
7	3146	18765
8	2394	14672
9	1114	21073
10	670	13289
11	1603	10266
12	2238	10779
13	3217	11456
14	1714	10531
15	-20	14134
16	-37	15025
17	2497	21624
18	2588	15155
19	476	16510
20	1243	26581
21	1657	15815
22	2096	19392
23	840	19291
24	4097	23145
25	-187	23803
26	2291	13934
27	817	13388
28	2361	15432
29	3780	27664
30	-363	10107
31	-80	13812
32	3541	26590
33	1651	12297
34	2363	14292
35	336	13832
36	1912	30753
37	1640	21277
38	527	15247
39	961	21986
40	1277	10210
41	1743	27280
42	2133	15085
43	1376	12212
44	1215	29003
45	594	16441
46	3150	23029
47	1677	22924
48	1934	20490
49	211	16444
50	1955	15135
51	2746	16651
52	2381	33559
53	909	18151
54	364	12669
55	444	20307
56	1263	16125
57	2782	12803
58	-1329	17915
59	130	20154
60	1296	15849
61	645	17235
62	2107	17669
63	150	13490
64	3169	19589
65	4760	16381
66	554	24685
67	1944	15864
68	1050	15445
69	1578	12553
70	922	37649
71	2788	19255
72	429	10962
73	57	17070
74	-467	15560
75	2554	26004
76	1618	17291
77	1339	24128
78	1108	12179
79	1250	20375
80	1803	13390
81	2552	14385
82	387	10474
83	1903	23827
84	1442	16509
85	2017	16430
86	3984	19710
87	1170	24111
88	800	18212
89	1369	19799
90	-160	12754
91	2801	11547
92	714	11463
93	-1324	11967
94	2962	10561
95	1034	12019
96	1090	16406
97	1413	15443
98	1420	11684
99	2039	17411
100	2716	17348
101	1143	14971
102	1378	17498
103	-203	10854
104	4778	20868
105	2531	16230
106	3120	16145
107	3571	20143
108	1051	11516
109	-953	16177
110	-249	15233
111	4876	20441
112	-199	12925
113	2529	21458
114	1951	18380
115	1202	9291
116	253	12214
117	-296	14198
118	664	13092
119	247	14397
120	1541	18835
121	1881	15766
122	-322	12440
123	3529	24297
124	850	16526
125	1301	19885
126	2485	15703
127	482	17287
128	3068	19648
129	3486	27744
130	1766	16935
131	1484	23355
132	1146	18066
133	2429	17500
134	928	12620
135	3847	16425
136	1144	9604
137	1434	17587
138	3358	22433
139	2309	16646
140	1562	12300
141	1937	15711
142	2087	21966
143	2072	14925
144	1270	13510
145	1530	19738
146	3725	18309
147	157	12124
148	123	12114
149	-608	23632
150	3281	16856
151	2528	18888
152	2531	17085
153	1535	16556
154	3021	18129
155	938	19146
156	2903	14906
157	1989	18947
158	1814	13417
159	916	15952
160	1203	20974
161	-84	11767
162	1723	13361
163	2059	23164
164	1653	14331
165	1860	13827
166	884	16094
167	1648	22610
168	528	18122
169	1014	11567
170	1593	19188
171	1870	15107
172	2479	28596
173	3892	24719
174	2863	14228
175	1645	18376
176	-115	17103
177	2023	17398
178	2656	24816
179	4647	26539
180	2848	20150
181	378	19760
182	1312	18793
183	60	11829
184	1417	11316
185	581	13938
186	2637	17320
187	3588	17206
188	3466	11123
189	691	10787
190	-98	12703
191	9	13350
192	2721	13334
193	1171	15637
194	1236	20646
195	587	20704
196	2436	18762
197	31	24994
198	2720	15104
199	2107	11624
200	1548	20883
201	3324	22960
202	1751	14098
203	2231	18123
204	1573	15686
205	46	11404
206	-359	26691
207	2450	15699
208	-1575	18590
209	2472	20195
210	1215	13959
211	2036	18490
212	1623	15220
213	36	15130
214	2998	17590
215	2197	16980
216	2649	17568
217	-714	25566
218	696	16468
219	1161	22444
220	395	21154
221	1556	23380
222	2095	20813
223	2762	19644
224	2664	17460
225	3678	20885
226	1655	20228
227	-139	15669
228	3759	19994
229	2126	18753
230	3347	14191
231	2419	20187
232	2766	17631
233	1597	14753
234	-727	15168
235	969	23849
236	-837	19690
237	2044	18008
238	867	12273
239	2779	14309
240	2412	13022
241	1649	22074
242	1186	14177
243	2429	19102
244	3174	15738
245	2518	17405
246	4061	15180
247	1698	18460
248	2029	20385
249	2349	13106
250	572	19334
251	2920	16465
252	167	19407
253	2662	21102
254	1941	15487
255	158	14965
256	1557	14561
257	3754	17052
258	4005	21384
259	3073	16059
260	2709	14342
261	3246	16605
262	801	15978
263	3301	17925
264	1587	12459
265	3275	22764
266	579	14448
267	2001	16609
268	970	18356
269	1502	18284
270	842	12532
271	1095	18934
272	962	19489
273	2452	15870
274	2238	15826
275	1144	23417
276	1731	24199
277	-463	17381
278	1125	13790
279	2722	20642
280	-1495	16541
281	2965	12833
282	829	15571
283	2343	20298
284	-350	24855
285	3124	20561
286	964	15276
287	2350	21758
288	3173	18290
289	4968	28541
290	2350	10690
291	3886	21246
292	2119	17801
293	1732	11196
294	1185	22373
295	1745	16401
296	-394	14451
297	3907	37824
298	35	24950
299	1584	28234
300	1417	22231
301	249	8515
302	1112	36578
303	478	14370
304	196	20720
305	2874	25087
306	3375	18325
307	445	15442
308	4579	21086
309	1905	15536
310	1537	12983
311	1756	17536
312	1419	17267
313	1454	15395
314	3272	17295
315	1817	17515
316	3687	16888
317	3698	16077
318	3278	18138
319	2131	16929
320	-294	13728
321	2472	17864
322	3386	20576
323	3040	17045
324	2617	14396
325	747	16472
326	981	17255
327	686	19039
328	2251	18656
329	2359	15793
330	3141	16218
331	2354	15065
332	1184	17424
333	1898	17624
334	1218	21040
335	3640	14229
336	975	17412
337	2799	21422
338	3862	14408
339	-786	15376
340	1922	15162
341	2787	15429
342	1943	25304
343	2634	15681
344	1267	24817
345	1398	14893
346	1266	19352
347	1314	17670
348	2842	14640
349	2291	14295
350	1352	14114
351	1837	16179
352	-1420	16078
353	1079	10591
354	2144	15731
355	2634	22412
356	4495	16649
357	1880	16701
358	914	17703
359	1361	25011
360	1800	27206
361	2192	15867
362	1256	18142
363	-1062	10139
364	1356	23296
365	2441	14427
366	2020	11851
367	2853	16671
368	3206	15801
369	598	11839
370	1896	16561
371	448	15253
372	3254	12633
373	2680	15405
374	1294	23200
375	2838	12205
376	2811	19704
377	3157	22372
378	3022	22570
379	3830	28164
380	2716	16414
381	342	12895
382	2203	12555
383	2220	11465
384	2053	23016
385	2540	15723
386	-1008	17525
387	2850	13755
388	2649	15474
389	1909	10019
390	1695	19115
391	1716	24962
392	2263	10692
393	362	10849
394	2284	14527
395	1654	12617
396	-1194	19774
397	-663	11029
398	-79	16490
399	2501	17528
400	275	25478
401	1490	12029
402	2788	15124
403	337	14663
404	1923	29914
405	-54	21471
406	998	19925
407	2884	19857
408	355	20572
409	1638	16096
410	3720	21145
411	-107	11901
412	2341	14806
413	2506	16398
414	2110	15596
415	1829	14232
416	2957	11820
417	2199	18332
418	3125	24386
419	1426	16385
420	163	29169
421	849	19597
422	1925	16369
423	1340	19032
424	1858	19956
425	3843	22515
426	1331	12179
427	2795	12389
428	-92	20621
429	1540	16155
430	3937	21929
431	3655	18610
432	1333	12778
433	879	11408
434	1705	15023
435	3136	16481
436	570	13169
437	2534	12669
438	4336	24341
439	2075	16816
440	3577	16599
441	2347	13289
442	3017	14604
443	4379	22243
444	2764	20311
445	1455	25081
446	1467	20741
447	4700	26296
448	3886	15593
449	2196	16514
450	2919	24560
451	-602	17232
452	1824	14714
453	3649	23159
454	989	14645
455	33	12701
456	1595	18524
457	2407	17023
458	2335	19372
459	2244	13190
460	1196	15477
461	1915	23165
462	2073	18034
463	-488	21032
464	3869	18700
465	2480	10877
466	2136	19863
467	1957	12970
468	1553	12324
469	2770	11266
470	2462	11453
471	3869	13941
472	2293	11907
473	2090	16780
474	1568	22474
475	578	8799
476	-160	17654
477	1426	17647
478	3382	12796
479	2461	30651
480	3769	14193
481	1562	14899
482	1449	13966
483	-305	16064
484	2922	16481
485	4127	16053
486	3570	23611
487	2216	13149
488	1782	15878
489	4202	14439
490	-242	15977
491	3559	19742
492	2298	14453
493	3351	16922
494	3292	17078
495	3766	16561
496	4052	16433
497	6058	25673
498	471	13332
499	2423	18962
500	3316	25322
501	2283	16628
502	2024	14114
503	3183	22288
504	2875	10929
505	3142	19448
506	4017	14521
507	3208	21182
508	3536	11058
509	5505	23005
510	2161	22494
511	3162	13576
512	2956	14061
513	2531	19889
514	5165	13904
515	699	15067
516	3831	18749
517	922	13095
518	3373	22941
519	1496	15485
520	4815	18388
521	1247	16040
522	-38	9899
523	3713	20037
524	2281	13442
525	-1430	9236
526	3960	17784
527	1414	27626
528	2366	11273
529	3023	19495
530	2044	13591
531	3119	20809
532	1619	19679
533	-173	12659
534	131	20802
535	172	12730
536	4279	18221
537	3627	12721
538	-1002	29249
539	-3388	17709
540	-852	15450
541	-1356	19119
542	3491	16255
543	775	16824
544	3943	13470
545	-126	12673
546	740	16225
547	3775	30362
548	3218	21109
549	1218	22705
550	1014	20492
551	1126	23431
552	-2061	11438
553	-1250	17436
554	-691	15951
555	878	21978
556	2081	8883
557	2180	16603
558	1972	15076
559	1010	14248
560	2317	17231
561	647	15302
562	2277	15533
563	1155	16891
564	3201	18349
565	3492	14145
566	2919	15407
567	481	22140
568	2243	15432
569	638	13060
570	2385	12277
571	3634	16897
572	2376	21734
573	1461	19698
574	1077	11653
575	2932	21258
576	5057	16412
577	4857	12892
578	2685	21090
579	854	16703
580	1731	17290
581	2525	23641
582	3540	18174
583	4859	14757
584	3912	19662
585	3327	20832
586	131	12178
587	1095	17696
588	-375	11163
589	-739	10586
590	-703	15939
591	1218	15750
592	756	27664
593	-1469	10263
594	73	15428
595	455	19306
596	421	15861
597	1043	12038
598	1435	19107
599	179	13298
600	-501	9141
601	1117	15838
602	748	17171
603	-318	14204
604	246	16110
605	1600	15928
606	1945	20121
607	-1379	10785
608	-417	19764
609	1211	16129
610	1712	17667
611	-1065	10212
612	-2008	18179
613	-82	10177
614	-3344	7499
615	-3111	7965
616	-2808	14094
617	-2516	7577
618	-4488	10652
619	-2380	14228
620	-2360	11930
621	-1350	8329
622	-2513	12810
623	-3871	19228
624	-2117	11076
625	-4676	7515
626	-3280	7955
627	-4696	7635
628	-2434	9665
629	-2218	17774
630	-2683	12700
631	-6274	6845
632	-6224	7398
633	-7282	5523
634	-4915	13617
635	-6973	7822
636	-6726	9068
637	-146	15718
638	-1723	18729
639	-2114	10493
640	-1536	11664
641	-705	16691
642	-839	15950
643	-2906	8633
644	343	15531
645	-451	11401
646	-2052	11900
647	-216	16347
648	18	12155
649	-1109	17597
650	-1172	19303
651	518	12429
652	-1969	10106
653	-1133	14088
654	-410	11139
655	-1899	12545
656	-2373	9591
657	-4589	11243
658	1530	8889
659	-2650	20241
660	-2255	19271
661	-1314	23372
662	-608	13257
663	-232	27484
664	-2153	10369
665	-2884	14143
666	-1630	18429
667	-2305	13551
668	-801	8117
669	2585	17052
670	2175	19122
671	534	19130
672	2800	14474
673	2252	12673
674	1669	14083
675	3212	13696
676	3536	14728
677	4332	71071
678	2385	14942
679	2416	12656
680	2779	17816
681	1800	31107
682	3553	16560
683	3940	18305
684	2457	10845
685	2888	31599
686	4134	14534
687	4214	21198
688	2660	17372
689	2984	13741
690	1045	22812
691	3715	23176
692	2083	22643
693	2815	17063
694	4118	22649
695	4239	18305
696	3608	19346
697	2162	20109
698	3569	19438
699	-77	16030
700	1976	12252
701	-293	23118
702	2369	12478
703	766	14898
704	-32	14099
705	2611	17373
706	2287	18807
707	1897	15869
708	4035	18584
709	1275	23487
710	2119	18684
711	1814	17629
712	1112	16721
713	2778	24591
714	3505	17879
715	3689	23055
716	2125	19837
717	1493	12761
718	1037	14835
719	2476	18848
720	-3534	19317
721	-4139	17510
722	-2475	2633
723	-2147	6441
724	-2522	14990
725	-3896	13660
726	-639	11141
727	-4773	8286
728	-3834	7471
729	-2082	11835
730	-3181	16395
731	-1904	18798
732	-2482	16991
733	-1430	12756
734	-2559	11739
735	-2377	10511
736	-1224	12930
737	-2172	9496
738	-1651	16080
739	-2584	13651
740	279	16724
741	-2940	13424
742	-2608	8656
743	-4010	11974
744	-4561	11067
745	-6876	10369
746	-6462	6267
747	-4315	8986
748	-2889	11206
749	-4993	7918
750	-6973	6259
751	-4786	8388
752	-5474	15398
753	-3950	11192
754	2651	18310
755	-5327	11292
756	-6496	16515
757	-6817	10654
758	-6225	11697
759	-6190	9575
760	-6630	9824
761	-7628	8539
762	-6047	12185
763	-3828	6796
764	-5559	10911
765	-7926	12987
766	-8120	10371
767	-6374	7009
768	-6069	8599
769	-4580	7624
770	-4969	9022
771	-7485	3063
772	-7851	5153
773	-4492	5859
774	-6769	8307
775	-114	12432
776	-558	13408
777	-684	18069
778	-1792	5384
779	-4187	13357
780	-1974	14566
781	898	10538
782	-952	12696
783	-854	14261
784	-2098	11649
785	-2510	14915
786	-1301	15199
787	-1779	14434
788	-2840	15770
789	-629	16359
790	-4566	14365
791	-2747	19935
792	-1810	11901
793	-2354	13924
794	-1541	9766
795	-2875	12042
796	277	10571
797	-2367	10432
798	-1412	9108
799	-832	12571
800	-440	18608
801	-1929	14985
802	-1096	11206
803	-4644	13414
804	1867	26006
805	-273	10020
806	-716	13190
807	-2487	13917
808	-1487	19204
809	-2145	11909
810	-1820	7452
811	-1404	13346
812	-4032	9291
813	-2688	10118
814	-4023	8969
815	-612	12899
816	-4229	7441
817	-2323	9976
818	-1245	19355
819	1412	9648
820	1441	18105
821	-299	15444
822	-366	15453
823	286	19092
824	-217	12993
825	2846	18167
826	-61	13540
827	828	18260
828	1565	15314
829	-1434	9397
830	1912	11490
831	306	21407
832	1221	13707
833	949	16544
834	1995	19040
835	-2450	10154
836	-81	12064
837	1775	17338
838	720	18871
839	-250	20307
840	891	16171
841	1638	17556
842	171	14268
843	1901	13811
844	1403	8975
845	2392	20066
846	-156	16749
847	34	18478
848	2373	12780
849	2559	11356
850	-501	20348
851	1555	16684
852	2801	14617
853	2469	15073
854	3834	27038
855	2488	17408
856	2498	20761
857	3272	14296
858	3051	15700
859	5087	22410
860	4619	16196
861	2211	19634
862	4055	26669
863	3835	21060
864	1753	13564
865	1149	14934
866	4638	27830
867	2266	18299
868	2189	14485
869	2577	17564
870	1226	13054
871	3652	20010
872	2588	26162
873	1287	14102
874	2541	12240
875	2131	23722
876	3851	24457
877	2896	27255
878	3796	20679
879	2587	22955
880	3668	12504
881	3722	17901
882	3667	22765
883	2263	10870
884	1653	12286
885	752	18951
886	1648	15239
887	4136	15467
888	-404	13528
889	1251	19839
890	3702	20414
891	2677	12698
892	3770	19401
893	3792	20475
894	1760	15987
895	3716	18589
896	1640	20076
897	4414	16693
898	1821	17215
899	2778	17179
900	1696	24896
901	2371	15192
902	2610	16667
903	3732	21310
904	1180	19401
905	3215	14653
906	1228	19814
907	2841	17081
908	3184	21289
909	4228	17834
910	3946	17711
911	1116	20863
912	4154	15718
913	1690	11710
914	451	16176
915	1116	17365
916	1963	12716
917	1193	16337
918	1694	17140
919	419	14108
920	3541	17066
921	1289	13577
922	1978	19933
923	2208	18047
924	1153	22851
925	2187	20608
926	3303	22031
927	2064	19985
928	1202	24801
929	3156	18973
930	4150	19255
931	1847	11743
932	3554	26363
933	1363	10837
934	3062	20161
935	3045	19558
936	2765	14170
937	1663	18808
938	1421	15072
939	4154	20918
940	2288	15607
941	3740	18333
942	3822	15718
943	704	21682
944	2476	11032
945	3359	12754
946	1417	11176
947	2651	12292
948	3669	18799
949	1861	13044
950	3847	10523
951	4066	17676
952	3230	32528
953	4549	24631
954	3438	23699
955	2532	14252
956	5248	24435
957	3241	17082
958	3769	22825
959	2637	15842
960	2826	15855
961	2798	13685
962	3978	16076
963	1850	15904
964	4216	16696
965	3759	20085
966	3870	12572
967	1292	21466
968	1930	16038
969	3412	14150
970	4009	28586
971	968	12464
972	2720	17941
973	2958	12917
974	2256	22889
975	4399	15215
976	3631	21357
977	3085	14349
978	3138	16042
979	3170	18389
980	2280	12016
981	3458	30040
982	2856	17949
983	4364	18862
984	3400	22685
985	3219	23265
986	1762	21691
987	4036	14877
988	2560	17485
989	2334	11915
990	3479	17715
991	4626	18668
992	3557	19312
993	3802	14202
994	2821	17265
995	3013	13399
996	2844	14092
997	3656	24469
998	4104	24850
999	2223	28989
1000	4164	23797
1001	3664	18211
1002	3087	15418
1003	4233	23532
1004	3487	19318
1005	2018	15395
1006	1357	23089
1007	23	16441
1008	3360	18792
1009	3026	16396
1010	1873	13089
1011	4692	15116
1012	2169	22224
1013	3469	22845
1014	3388	16587
1015	3365	15276
1016	3793	14905
1017	2727	19961
1018	3925	13146
1019	3508	13284
1020	3646	15705
1021	2696	25102
1022	1952	19902
1023	4682	20373
1024	4063	17367
1025	1194	14680
1026	12	17830
1027	3155	16178
1028	1244	16906
1029	1501	14758
1030	661	14897
1031	3509	21741
1032	2814	18302
1033	1553	19685
1034	3121	21280
1035	3267	16263
1036	1696	10220
1037	1821	16967
1038	-1457	16195
1039	2374	17254
1040	3026	15107
1041	1117	25436
1042	2604	14709
1043	184	15710
1044	2940	14520
1045	2755	14674
1046	3797	26310
1047	2236	19045
1048	2347	23564
1049	-242	14365
1050	1626	17982
1051	3549	20667
1052	2144	17090
1053	2465	11544
1054	2616	30043
1055	2035	15069
1056	1834	11865
1057	3192	14434
1058	1274	16484
1059	3962	21140
1060	3945	15959
1061	3700	18653
1062	3768	21326
1063	6111	15767
1064	3330	14431
1065	3236	13873
1066	1999	22193
1067	3304	18796
1068	3106	16536
1069	5273	15190
1070	3160	17044
1071	2257	15269
1072	2061	28741
1073	1584	15863
1074	2190	19471
1075	3784	14468
1076	3080	30748
1077	1869	21373
1078	3986	13583
1079	3513	26217
1080	294	12205
1081	-949	19028
1082	-39	16682
1083	2385	17350
1084	2918	16517
1085	-240	10473
1086	-1327	12714
1087	1599	11627
1088	-294	12870
1089	3398	19826
1090	1738	12811
1091	1862	9721
1092	828	12768
1093	1616	14353
1094	1051	11260
1095	-490	10207
1096	3253	18329
1097	542	11965
1098	2145	14012
1099	1577	13214
1100	502	11135
1101	1115	10308
1102	2317	16176
1103	979	19641
1104	2087	12141
1105	2717	16972
1106	1483	17792
1107	4030	20899
1108	3159	23110
1109	290	16969
1110	1751	18569
1111	1982	15272
1112	2499	16412
1113	3980	14951
1114	2475	16150
1115	2407	17767
1116	2137	12679
1117	3743	18158
1118	2952	13738
1119	2304	14268
1120	450	15358
1121	1566	14217
1122	4026	13014
1123	2367	17045
1124	1072	14731
1125	2830	11711
1126	-1567	7543
1127	-1638	8003
1128	-3756	8125
1129	-2146	5827
1130	-1390	11111
1131	-171	11028
1132	1132	10677
1133	3642	19817
1134	3646	19415
1135	2772	16912
1136	1867	14797
1137	1706	14991
1138	528	14111
1139	38	17426
1140	1579	22208
1141	1276	9349
1142	1830	12359
1143	2834	16438
1144	1444	10765
1145	961	14944
1146	1382	11985
1147	671	8573
1148	-452	14624
1149	1212	10790
1150	1924	9547
1151	3066	18860
1152	1262	11687
1153	5103	12270
1154	3915	13810
1155	2388	23434
1156	2962	17583
1157	1482	14989
1158	-527	18933
1159	1148	21954
1160	1643	13306
1161	404	22278
1162	1844	15067
1163	951	13193
1164	2073	19737
1165	2931	12356
1166	375	17378
1167	3126	14219
1168	1801	14696
1169	2585	20734
1170	3421	21073
1171	1495	22571
1172	1535	19298
1173	5047	19957
1174	-1057	14058
1175	1935	12467
1176	2837	16963
1177	2650	18250
1178	2225	22420
1179	58	19840
1180	1832	25777
1181	1776	12806
1182	2862	17514
1183	2149	14075
1184	2357	19050
1185	1867	13497
1186	3030	16510
1187	2435	12006
1188	1866	20795
1189	3442	14808
1190	852	11436
1191	2216	15511
1192	851	11137
1193	3305	34321
1194	1347	16103
1195	213	20791
1196	3302	18334
1197	830	14438
1198	1957	22269
1199	1828	10552
1200	2490	18343
1201	609	12132
1202	2838	27362
1203	1493	28371
1204	2342	15605
1205	1516	17466
1206	1590	14090
1207	647	19561
1208	1127	20870
1209	2885	25598
1210	138	17160
1211	1396	12834
1212	2347	17514
1213	2375	13986
1214	771	11275
1215	2763	13410
1216	2409	16162
1217	2317	26183
1218	2517	15380
1219	4324	19474
1220	3091	13745
1221	639	17484
1222	1252	21531
1223	3375	14552
1224	1237	12118
1225	1619	19234
1226	2635	19836
1227	547	10965
1228	2118	18107
1229	3034	13981
1230	1837	16475
1231	1094	14261
1232	5615	31441
1233	3748	16452
1234	2732	18378
1235	2461	26834
1236	3075	20101
1237	3827	26378
1238	4586	20767
1239	4861	26245
1240	4451	24477
1241	2898	17358
1242	2690	30874
1243	3195	19246
1244	4344	23873
1245	5808	15696
1246	5231	23844
1247	3280	14139
1248	2474	16962
1249	4964	21513
1250	3238	20639
1251	2688	27180
1252	1673	16433
1253	3648	18710
1254	3725	15941
1255	3376	16424
1256	5810	22608
1257	5940	21660
1258	3925	23096
1259	4147	17345
1260	2546	14180
1261	6437	22161
1262	2871	15120
1263	5295	21894
1264	3219	15231
1265	2793	19703
1266	5189	28454
1267	2508	12612
1268	4132	30431
1269	3672	15772
1270	5072	31014
1271	2926	19484
1272	2778	17895
1273	3282	30370
1274	4064	30563
1275	5893	19377
1276	1338	23082
1277	3301	15436
1278	4292	22504
1279	2260	22502
1280	3581	23661
1281	3050	17071
1282	2438	24275
1283	4641	17545
1284	4465	16488
1285	3662	17268
1286	3597	18588
1287	4025	20333
1288	3171	17387
1289	5370	26778
1290	3290	25561
1291	4416	26046
1292	3754	21981
1293	5341	22444
1294	6117	27794
1295	2742	24474
1296	3937	30878
1297	2711	15597
1298	3251	14580
1299	2930	16470
1300	7129	21617
1301	3606	23395
1302	6638	19281
1303	4484	17956
1304	4562	27991
1305	3790	29905
1306	4282	25380
1307	5709	22574
1308	3871	16649
1309	2236	18882
1310	3817	13855
1311	2509	19462
1312	1865	15318
1313	5064	22036
1314	3241	19272
1315	4586	26946
1316	5014	16858
1317	983	24718
1318	3235	15793
1319	2256	27466
1320	4990	20704
1321	3499	32324
1322	2556	27624
1323	2476	18319
1324	3965	21241
1325	3808	26050
1326	4729	22898
1327	4449	26281
1328	2569	13764
1329	3519	17086
1330	2808	15900
1331	1900	26917
1332	2591	18269
1333	3679	31165
1334	3040	15758
1335	3320	15179
1336	1016	13735
1337	2837	14625
1338	1613	20148
1339	1980	19780
1340	4540	26545
1341	3280	18988
1342	3311	26876
1343	4526	13334
1344	3493	15694
1345	1769	21607
1346	3885	24584
1347	3371	14126
1348	4339	23929
1349	1837	17613
1350	-48	15416
1351	2173	20587
1352	1477	26270
1353	3117	23588
1354	996	13310
1355	3064	21812
1356	3461	18699
1357	1589	24333
1358	487	11810
1359	2869	14086
1360	1770	19364
1361	899	28920
1362	2903	21522
1363	2496	14370
1364	1445	21047
1365	1802	19071
1366	422	26029
1367	3583	13216
1368	265	13678
1369	3987	23750
1370	2764	22845
1371	3400	22480
1372	2521	24981
1373	1088	10410
1374	706	18330
1375	1732	22433
1376	2193	13717
1377	1953	13609
1378	1715	11475
1379	3511	15842
1380	425	18888
1381	482	17021
1382	2042	15444
1383	1306	23734
1384	3497	16167
1385	3030	21436
1386	1442	17230
1387	2596	21154
1388	2343	15056
1389	1988	18220
1390	4154	19678
1391	2654	20385
1392	3983	16388
1393	797	12258
1394	3013	12025
1395	-427	19148
1396	3121	22967
1397	-225	20032
1398	1458	18742
1399	4010	19008
1400	549	13693
1401	1526	15510
1402	830	18379
1403	1417	11947
1404	1432	14788
1405	49	13752
1406	1500	18375
1407	1281	17237
1408	1100	12915
1409	1411	19286
1410	320	14636
1411	-183	16533
1412	2834	13169
1413	1713	23887
1414	1927	21821
1415	210	15381
1416	1899	16377
1417	2565	15118
1418	-1019	20146
1419	2698	19435
1420	1862	21787
1421	179	15436
1422	4002	21869
1423	2999	15218
1424	1380	23188
1425	3426	20473
1426	1828	19071
1427	1936	24187
1428	1733	20708
1429	7585	35145
1430	7568	28753
1431	7428	21448
1432	5785	21676
1433	5484	32978
1434	7347	31025
1435	6738	35444
1436	7726	27336
1437	5102	25489
1438	6340	24043
1439	7506	30648
1440	8255	26622
1441	7859	30427
1442	5974	23833
1443	5460	33676
1444	7603	26972
1445	6394	22310
1446	6213	22870
1447	8772	29574
1448	9096	32691
1449	7844	20946
1450	6152	20657
1451	6658	22822
1452	6256	18119
1453	7734	22200
1454	6362	23357
1455	9786	34393
1456	6541	15921
1457	7524	24831
1458	7573	38895
1459	7441	33863
1460	8915	20881
1461	6992	32540
1462	4767	20923
1463	6602	35831
1464	6087	33236
1465	8906	22255
1466	6900	21380
1467	7227	21814
1468	8846	60564
1469	6026	19883
1470	6536	40457
1471	5647	23917
1472	5022	23865
1473	5276	23218
1474	7586	27442
1475	7404	34606
1476	7145	30465
1477	6813	36118
1478	5452	29171
1479	7186	27278
1480	8236	30677
1481	7253	19889
1482	5678	33971
1483	5557	32742
1484	4767	26472
1485	6459	29650
1486	3116	20366
1487	5347	16818
1488	7465	21749
1489	6842	19866
1490	6465	42001
1491	4984	23404
1492	5201	22147
1493	5895	25581
1494	5419	36426
1495	6566	22786
1496	6007	37649
1497	5079	24496
1498	4822	28603
1499	5837	33521
1500	7149	19170
1501	6598	35543
1502	4789	19418
1503	3108	18406
1504	4098	28787
1505	5269	23023
1506	5696	22529
1507	4821	19912
1508	5691	37525
1509	3422	17789
1510	4331	23051
1511	5919	24456
1512	7845	32571
1513	7431	27556
1514	5505	27725
1515	6151	34323
1516	5479	17156
1517	5504	27649
1518	4643	31828
1519	4099	21084
1520	3145	31922
1521	7739	21507
1522	6384	27489
1523	5140	18348
1524	6200	29892
1525	4312	30526
1526	5062	29716
1527	2845	27744
1528	6764	30581
1529	3733	19912
1530	8146	28032
1531	6889	17790
1532	3378	21530
1533	6126	35393
1534	5203	21846
1535	4349	17623
1536	4955	17396
1537	4342	20243
1538	4541	24525
1539	2712	14364
1540	5686	21114
1541	3126	20717
1542	4868	27172
1543	4309	21082
1544	2889	19742
1545	4975	34030
1546	3359	20873
1547	6019	21151
1548	6050	19506
1549	3669	17330
1550	5464	20430
1551	3978	17271
1552	5102	24066
1553	7379	35654
1554	6403	24313
1555	5123	24007
1556	9090	26342
1557	6920	27644
1558	6065	21366
1559	5833	22242
1560	5737	17512
1561	7047	30173
1562	7113	19267
1563	6454	23847
1564	8042	23894
1565	7284	23726
1566	4274	13979
1567	3789	17399
1568	5111	31012
1569	5394	21901
1570	5247	23438
1571	5972	19113
1572	7347	21918
1573	5200	26757
1574	8675	21283
1575	5525	22739
1576	5863	19371
1577	6779	24712
1578	7007	21782
1579	5492	23079
1580	5676	26691
1581	7415	23573
1582	7012	32652
1583	5261	20845
1584	7585	26227
1585	6643	27981
1586	7603	30474
1587	6912	25781
1588	7746	20975
1589	6505	27040
1590	7046	19930
1591	6487	29465
1592	8018	21448
1593	6789	31069
1594	7461	25747
1595	4877	27651
1596	5728	25793
1597	6264	27127
1598	6950	36683
1599	3503	26750
1600	6788	27294
1601	3322	19077
1602	7164	19412
1603	4590	18470
1604	5521	24973
